数字0
011110
110011
110011
110011
110011
110011
110011
110011
110011
011110


数字1
01110
00110
00110
00110
00110
00110
00110
00110
00110
00110

数字2
0111110
1111111
1100011
0000111
0001110
0011100
0111000
1110000
1111111
1111111

数字3
0111110
1111111
1100011
0000011
0011110
0011110
0000011
1100011
1111111
0111110

数字4
000011
000111
001111
011011
110011
110011
111111
111111
000011
000011

数字5
111111
111111
110000
110000
111110
011111
000011
110011
111111
011110

数字6
0111110
1111111
1100011
1100000
1111110
1111111
1100011
1100011
1111111
0111110

数字7
111111
111111
000011
000011
000111
001110
001110
001100
001100
001100

数字8
0111110
1111111
1100011
1100011
0111110
1111111
1100011
1100011
1111111
0111110

数字9
0111110
1111111
1100011
1100011
1111111
0111111
0000011
1100011
1111111
0111110

冒号
00
00
11
11
00
00
00
00
11
11